# Blender 4.4.3
# www.blender.org
mtllib crate.mtl
o Cube.006
v 0.874678 0.533205 0.872093
v 0.881541 0.878630 0.871794
v -0.856102 0.567581 0.859744
v -0.849240 0.913006 0.859445
v 0.873981 0.533303 0.970018
v 0.880844 0.878728 0.969719
v -0.856799 0.567680 0.957669
v -0.849936 0.913104 0.957370
v 0.637500 -0.000000 -0.637500
v 0.637500 1.000000 -0.637500
v 0.637500 0.000000 -0.862500
v 0.637500 1.000000 -0.862500
v 0.862500 0.000000 -0.637500
v 0.862500 1.000000 -0.637500
v 0.862500 -0.000000 -0.862500
v 0.862500 1.000000 -0.862500
v -0.862500 0.000000 0.862500
v -0.862500 1.000000 0.862500
v -0.862500 -0.000000 0.637500
v -0.862500 1.000000 0.637500
v -0.637500 0.000000 0.862500
v -0.637500 1.000000 0.862500
v -0.637500 0.000000 0.637500
v -0.637500 1.000000 0.637500
v 0.637500 -0.000000 0.862500
v 0.637500 1.000000 0.862500
v 0.637500 0.000000 0.637500
v 0.637500 1.000000 0.637500
v 0.862500 -0.000000 0.862500
v 0.862500 1.000000 0.862500
v 0.862500 -0.000000 0.637500
v 0.862500 1.000000 0.637500
v -0.862500 0.000000 -0.637500
v -0.862500 1.000000 -0.637500
v -0.862500 -0.000000 -0.862500
v -0.862500 1.000000 -0.862500
v -0.637500 -0.000000 -0.637500
v -0.637500 1.000000 -0.637500
v -0.637500 -0.000000 -0.862500
v -0.637500 1.000000 -0.862500
v 0.951169 0.602053 0.892298
v 0.951468 0.946938 0.871799
v 0.963518 0.499328 -0.835773
v 0.963817 0.844213 -0.856273
v 0.853245 0.602096 0.891596
v 0.853544 0.946981 0.871096
v 0.865594 0.499371 -0.836476
v 0.865893 0.844256 -0.856975
v 0.964475 0.072158 0.866511
v 0.962936 0.417605 0.871963
v 0.953870 0.099428 -0.864407
v 0.952331 0.444875 -0.858956
v 0.866551 0.071713 0.867104
v 0.865012 0.417159 0.872556
v 0.855946 0.098982 -0.863815
v 0.854407 0.444429 -0.858363
v -0.887466 -0.015535 0.887466
v -0.887466 0.103725 0.887466
v -0.887466 -0.015535 -0.887466
v -0.887466 0.103725 -0.887466
v 0.887466 -0.015535 0.887466
v 0.887466 0.103725 0.887466
v 0.887466 -0.015535 -0.887466
v 0.887466 0.103725 -0.887466
v -0.842343 0.158292 0.880683
v -0.843882 0.502586 0.851973
v -0.852948 0.014385 -0.844459
v -0.854487 0.358680 -0.873169
v -0.940267 0.157907 0.881317
v -0.941806 0.502202 0.852607
v -0.950872 0.014001 -0.843825
v -0.952411 0.358295 -0.872535
v -0.855648 0.575577 0.888222
v -0.855349 0.920924 0.878194
v -0.843299 0.525321 -0.842170
v -0.843000 0.870668 -0.852198
v -0.953573 0.575641 0.887521
v -0.953274 0.920988 0.877493
v -0.941224 0.525385 -0.842871
v -0.940925 0.870733 -0.852899
v 0.875393 0.158292 0.858788
v 0.846682 0.502586 0.860327
v -0.849749 0.014385 0.869393
v -0.878460 0.358680 0.870932
v 0.876027 0.157907 0.956712
v 0.847316 0.502202 0.958251
v -0.849115 0.014001 0.967317
v -0.877826 0.358295 0.968856
v 0.839004 -0.010915 -0.948030
v 0.878059 0.332361 -0.946491
v -0.881039 0.184728 -0.937425
v -0.841984 0.528003 -0.935886
v 0.839551 -0.011416 -0.850106
v 0.878605 0.331859 -0.848567
v -0.880492 0.184227 -0.839501
v -0.841437 0.527502 -0.837962
v 0.866404 0.498919 -0.934724
v 0.887056 0.843794 -0.935023
v -0.861623 0.602389 -0.947073
v -0.840970 0.947264 -0.947372
v 0.865712 0.499045 -0.836800
v 0.886364 0.843921 -0.837099
v -0.862315 0.602515 -0.849149
v -0.841663 0.947390 -0.849448
vn 0.0071 -0.0010 -1.0000
vn -0.9998 0.0199 -0.0071
vn -0.0071 0.0010 1.0000
vn 0.9998 -0.0199 0.0071
vn -0.0199 -0.9998 0.0009
vn 0.0199 0.9998 -0.0009
vn -1.0000 -0.0000 -0.0000
vn -0.0000 -0.0000 -1.0000
vn 1.0000 -0.0000 -0.0000
vn -0.0000 -0.0000 1.0000
vn -0.0000 -1.0000 -0.0000
vn -0.0000 1.0000 -0.0000
vn 1.0000 -0.0004 0.0072
vn 0.0071 -0.0593 -0.9982
vn -1.0000 0.0004 -0.0072
vn -0.0071 0.0593 0.9982
vn -0.0009 -0.9982 0.0593
vn 0.0009 0.9982 -0.0593
vn 1.0000 0.0045 -0.0061
vn -0.0061 0.0158 -0.9999
vn -1.0000 -0.0045 0.0061
vn 0.0061 -0.0158 0.9999
vn 0.0045 -0.9999 -0.0158
vn -0.0045 0.9999 0.0158
vn 1.0000 0.0039 -0.0065
vn -0.0061 -0.0831 -0.9965
vn -1.0000 -0.0039 0.0065
vn 0.0061 0.0831 0.9965
vn 0.0045 -0.9965 0.0831
vn -0.0045 0.9965 -0.0831
vn 1.0000 -0.0007 0.0072
vn 0.0071 -0.0290 -0.9996
vn -1.0000 0.0007 -0.0072
vn -0.0071 0.0290 0.9996
vn -0.0009 -0.9996 0.0290
vn 0.0009 0.9996 -0.0290
vn -0.0065 0.0039 -1.0000
vn -0.9965 -0.0831 0.0061
vn 0.0065 -0.0039 1.0000
vn 0.9965 0.0831 -0.0061
vn 0.0831 -0.9965 -0.0045
vn -0.0831 0.9965 0.0045
vn -0.0056 0.0051 -1.0000
vn -0.9936 0.1130 0.0061
vn 0.0056 -0.0051 1.0000
vn 0.9936 -0.1130 -0.0061
vn -0.1130 -0.9936 -0.0045
vn 0.1130 0.9936 0.0045
vn 0.0071 -0.0013 -1.0000
vn -0.9982 0.0598 -0.0071
vn -0.0071 0.0013 1.0000
vn 0.9982 -0.0598 0.0071
vn -0.0598 -0.9982 0.0009
vn 0.0598 0.9982 -0.0009
vt 0.375000 0.000000
vt 0.375000 0.250000
vt 0.625000 0.250000
vt 0.625000 0.000000
vt 0.375000 0.500000
vt 0.625000 0.500000
vt 0.375000 0.750000
vt 0.625000 0.750000
vt 0.375000 1.000000
vt 0.625000 1.000000
vt 0.125000 0.500000
vt 0.125000 0.750000
vt 0.875000 0.750000
vt 0.875000 0.500000
s 0
usemtl Material.001
f 1/1/1 3/2/1 4/3/1 2/4/1
f 3/2/2 7/5/2 8/6/2 4/3/2
f 7/5/3 5/7/3 6/8/3 8/6/3
f 5/7/4 1/9/4 2/10/4 6/8/4
f 3/11/5 1/12/5 5/7/5 7/5/5
f 8/6/6 6/8/6 2/13/6 4/14/6
f 9/1/7 10/4/7 12/3/7 11/2/7
f 11/2/8 12/3/8 16/6/8 15/5/8
f 15/5/9 16/6/9 14/8/9 13/7/9
f 13/7/10 14/8/10 10/10/10 9/9/10
f 11/11/11 15/5/11 13/7/11 9/12/11
f 16/6/12 12/14/12 10/13/12 14/8/12
f 17/1/7 18/4/7 20/3/7 19/2/7
f 19/2/8 20/3/8 24/6/8 23/5/8
f 23/5/9 24/6/9 22/8/9 21/7/9
f 21/7/10 22/8/10 18/10/10 17/9/10
f 19/11/11 23/5/11 21/7/11 17/12/11
f 24/6/12 20/14/12 18/13/12 22/8/12
f 25/1/7 26/4/7 28/3/7 27/2/7
f 27/2/8 28/3/8 32/6/8 31/5/8
f 31/5/9 32/6/9 30/8/9 29/7/9
f 29/7/10 30/8/10 26/10/10 25/9/10
f 27/11/11 31/5/11 29/7/11 25/12/11
f 32/6/12 28/14/12 26/13/12 30/8/12
f 33/1/7 34/4/7 36/3/7 35/2/7
f 35/2/8 36/3/8 40/6/8 39/5/8
f 39/5/9 40/6/9 38/8/9 37/7/9
f 37/7/10 38/8/10 34/10/10 33/9/10
f 35/11/11 39/5/11 37/7/11 33/12/11
f 40/6/12 36/14/12 34/13/12 38/8/12
f 41/1/13 43/2/13 44/3/13 42/4/13
f 43/2/14 47/5/14 48/6/14 44/3/14
f 47/5/15 45/7/15 46/8/15 48/6/15
f 45/7/16 41/9/16 42/10/16 46/8/16
f 43/11/17 41/12/17 45/7/17 47/5/17
f 48/6/18 46/8/18 42/13/18 44/14/18
f 49/1/19 51/2/19 52/3/19 50/4/19
f 51/2/20 55/5/20 56/6/20 52/3/20
f 55/5/21 53/7/21 54/8/21 56/6/21
f 53/7/22 49/9/22 50/10/22 54/8/22
f 51/11/23 49/12/23 53/7/23 55/5/23
f 56/6/24 54/8/24 50/13/24 52/14/24
f 57/1/7 58/4/7 60/3/7 59/2/7
f 59/2/8 60/3/8 64/6/8 63/5/8
f 63/5/9 64/6/9 62/8/9 61/7/9
f 61/7/10 62/8/10 58/10/10 57/9/10
f 59/11/11 63/5/11 61/7/11 57/12/11
f 64/6/12 60/14/12 58/13/12 62/8/12
f 65/1/25 67/2/25 68/3/25 66/4/25
f 67/2/26 71/5/26 72/6/26 68/3/26
f 71/5/27 69/7/27 70/8/27 72/6/27
f 69/7/28 65/9/28 66/10/28 70/8/28
f 67/11/29 65/12/29 69/7/29 71/5/29
f 72/6/30 70/8/30 66/13/30 68/14/30
f 73/1/31 75/2/31 76/3/31 74/4/31
f 75/2/32 79/5/32 80/6/32 76/3/32
f 79/5/33 77/7/33 78/8/33 80/6/33
f 77/7/34 73/9/34 74/10/34 78/8/34
f 75/11/35 73/12/35 77/7/35 79/5/35
f 80/6/36 78/8/36 74/13/36 76/14/36
f 81/1/37 83/2/37 84/3/37 82/4/37
f 83/2/38 87/5/38 88/6/38 84/3/38
f 87/5/39 85/7/39 86/8/39 88/6/39
f 85/7/40 81/9/40 82/10/40 86/8/40
f 83/11/41 81/12/41 85/7/41 87/5/41
f 88/6/42 86/8/42 82/13/42 84/14/42
f 89/1/43 91/2/43 92/3/43 90/4/43
f 91/2/44 95/5/44 96/6/44 92/3/44
f 95/5/45 93/7/45 94/8/45 96/6/45
f 93/7/46 89/9/46 90/10/46 94/8/46
f 91/11/47 89/12/47 93/7/47 95/5/47
f 96/6/48 94/8/48 90/13/48 92/14/48
f 97/1/49 99/2/49 100/3/49 98/4/49
f 99/2/50 103/5/50 104/6/50 100/3/50
f 103/5/51 101/7/51 102/8/51 104/6/51
f 101/7/52 97/9/52 98/10/52 102/8/52
f 99/11/53 97/12/53 101/7/53 103/5/53
f 104/6/54 102/8/54 98/13/54 100/14/54
